01000110010100111010110111110000
01000110010100111011010111110000
01000110010100111110101101110000
01000110010100111110110101110000
01000110010101101001110111110000
01000110010101101001111101110000
01000110010101101110100111110000
01000110010101101111101001110000
01000110010101110110100111110000
01000110010101111101101001110000
01000110010110101001110111110000
01000110010110101001111101110000
01000110010110111010100111110000
01000110010110111110101001110000
01000110010111011010100111110000
01000110010111110110101001110000
01000110011101001010110111110000
01000110011101010010110111110000
01000110011101101001010111110000
01000110011101101010010111110000
01000110011111010010101101110000
01000110011111010100101101110000
01000110011111011010010101110000
01000110011111011010100101110000
01000110100101011001110111110000
01000110100101011001111101110000
01000110100101011100111110110000
01000110100101011101100111110000
01000110100101011111001110110000
01000110100101011111011001110000
01000110100111001010111110110000
01000110100111011001010111110000
01000110100111011111001010110000
01000110100111110010101110110000
01000110100111110110010101110000
01000110100111110111001010110000
01000110101001011001110111110000
01000110101001011001111101110000
01000110101001011100111110110000
01000110101001011101100111110000
01000110101001011111001110110000
01000110101001011111011001110000
01000110101001110010111110110000
01000110101001110110010111110000
01000110101001110111110010110000
01000110101001111100101110110000
01000110101001111101100101110000
01000110101001111101110010110000
01000110101100101001110111110000
01000110101100101001111101110000
01000110101110010100111110110000
01000110101110110010100111110000
01000110101111100101001110110000
01000110101111101100101001110000
01000110110010100111010111110000
01000110110010100111110101110000
01000110110010101110100111110000
01000110110010101111101001110000
01000110110010111010100111110000
01000110110010111110101001110000
01000110110011101001010111110000
01000110110011101010010111110000
01000110110011111010010101110000
01000110110011111010100101110000
01000110111001010011111010110000
01000110111001111101001010110000
01000110111001111101010010110000
01000110111010010101100111110000
01000110111010011111001010110000
01000110111010100101100111110000
01000110111010100111110010110000
01000110111010110010100111110000
01000110111110010100111010110000
01000110111110011101001010110000
01000110111110011101010010110000
01000110111110100101011001110000
01000110111110100111001010110000
01000110111110101001011001110000
01000110111110101001110010110000
01000110111110101100101001110000
01000111001010011010111110110000
01000111001010011011111010110000
01000111001010110111110100110000
01000111001010111110100110110000
01000111001010111110110100110000
01000111001011011111010100110000
01000111001011111010100110110000
01000111001011111011010100110000
01000111001101001010111110110000
01000111001101010010111110110000
01000111001101111101001010110000
01000111001101111101010010110000
01000111010010101100110111110000
01000111010010101101111100110000
01000111010010101111100110110000
01000111010011001010110111110000
01000111010011011001010111110000
01000111010011011111001010110000
01000111010100101100110111110000
01000111010100101101111100110000
01000111010100101111100110110000
01000111010100110010110111110000
01000111010100110110010111110000
01000111010100110111110010110000
01000111010110010100110111110000
01000111010110111110010100110000
01000111010111110010100110110000
01000111011001010011010111110000
01000111011001101001010111110000
01000111011001101010010111110000
01000111011010010101111100110000
01000111011010011001010111110000
01000111011010100101111100110000
01000111011010100110010111110000
01000111011010111110010100110000
01000111011111001010011010110000
01000111011111001010110100110000
01000111011111001011010100110000
01000111011111001101001010110000
01000111011111001101010010110000
01000111110010100110101110110000
01000111110010100110111010110000
01000111110010101101110100110000
01000111110010101110100110110000
01000111110010101110110100110000
01000111110010110111010100110000
01000111110010111010100110110000
01000111110010111011010100110000
01000111110011010010101110110000
01000111110011010100101110110000
01000111110011011101001010110000
01000111110011011101010010110000
01000111110100101011001101110000
01000111110100101011011100110000
01000111110100101011100110110000
01000111110100110010101101110000
01000111110100110110010101110000
01000111110100110111001010110000
01000111110101001011001101110000
01000111110101001011011100110000
01000111110101001011100110110000
01000111110101001100101101110000
01000111110101001101100101110000
01000111110101001101110010110000
01000111110101100101001101110000
01000111110101101110010100110000
01000111110101110010100110110000
01000111110110010100110101110000
01000111110110011010010101110000
01000111110110011010100101110000
01000111110110100101011100110000
01000111110110100110010101110000
01000111110110101001011100110000
01000111110110101001100101110000
01000111110110101110010100110000
01000111110111001010011010110000
01000111110111001010110100110000
01000111110111001011010100110000
01000111110111001101001010110000
01000111110111001101010010110000
01001010001100111010110111110000
01001010001100111011010111110000
01001010001100111110101101110000
01001010001100111110110101110000
01001010001101011001110111110000
01001010001101011001111101110000
01001010001101011100111110110000
01001010001101011101100111110000
01001010001101011111001110110000
01001010001101011111011001110000
01001010001101100111010111110000
01001010001101100111110101110000
01001010001101110011111010110000
01001010001101110101100111110000
01001010001101111100111010110000
01001010001101111101011001110000
01001010001110011010111110110000
01001010001110011011111010110000
01001010001110101100110111110000
01001010001110101101111100110000
01001010001110101111100110110000
01001010001110110011010111110000
01001010001110110101111100110000
01001010001110111110011010110000
01001010001111100110101110110000
01001010001111100110111010110000
01001010001111101011001101110000
01001010001111101011011100110000
01001010001111101011100110110000
01001010001111101100110101110000
01001010001111101101011100110000
01001010001111101110011010110000
01001010110001101110011111010000
01001010110001101111100111010000
01001010110001110011011111010000
01001010110001110111110011010000
01001010110001111100110111010000
01001010110001111101110011010000
01001010110011010001110111110000
01001010110011010001111101110000
01001010110011011100011111010000
01001010110011011101000111110000
01001010110011011111000111010000
01001010110011011111010001110000
01001010110011100011011111010000
01001010110011101000110111110000
01001010110011101111100011010000
01001010110011111000110111010000
01001010110011111010001101110000
01001010110011111011100011010000
01001010110100011001110111110000
01001010110100011001111101110000
01001010110100011101111100110000
01001010110100011111011100110000
01001010110111000110011111010000
01001010110111001100011111010000
01001010110111001111101000110000
01001010110111010001100111110000
01001010110111010001111100110000
01001010110111110001100111010000
01001010110111110011000111010000
01001010110111110011101000110000
01001010110111110100011001110000
01001010110111110100011100110000
01001010111000110011111011010000
01001010111000110110011111010000
01001010111000111110110011010000
01001010111001100011111011010000
01001010111001101000111110110000
01001010111001101100011111010000
01001010111001111101000110110000
01001010111001111101100011010000
01001010111001111101101000110000
01001010111010001101100111110000
01001010111010001111100110110000
01001010111011000111110011010000
01001010111011001101000111110000
01001010111011001111100011010000
01001010111011010001100111110000
01001010111011010001111100110000
01001010111110001100111011010000
01001010111110001101100111010000
01001010111110001110110011010000
01001010111110011000111011010000
01001010111110011010001110110000
01001010111110011011000111010000
01001010111110011101000110110000
01001010111110011101100011010000
01001010111110011101101000110000
01001010111110100011011001110000
01001010111110100011100110110000
01001010111110110001110011010000
01001010111110110011010001110000
01001010111110110011100011010000
01001010111110110100011001110000
01001010111110110100011100110000
01001011000110111001111101010000
01001011000110111110011101010000
01001011000111001101111101010000
01001011000111011111001101010000
01001011000111110011011101010000
01001011000111110111001101010000
01001011001101010001110111110000
01001011001101010001111101110000
01001011001101110001111101010000
01001011001101110101000111110000
01001011001101111100011101010000
01001011001101111101010001110000
01001011001110001101111101010000
01001011001110101000110111110000
01001011001110111110001101010000
01001011001111100011011101010000
01001011001111101010001101110000
01001011001111101110001101010000
01001011010100011001110111110000
01001011010100011001111101110000
01001011010100011101111100110000
01001011010100011111011100110000
01001011011100011001111101010000
01001011011100110001111101010000
01001011011100111110101000110000
01001011011101010001100111110000
01001011011101010001111100110000
01001011011111000110011101010000
01001011011111001100011101010000
01001011011111001110101000110000
01001011011111010100011001110000
01001011011111010100011100110000
01001011100011001111101101010000
01001011100011011001111101010000
01001011100011111011001101010000
01001011100110001111101101010000
01001011100110101000111110110000
01001011100110110001111101010000
01001011100111110101000110110000
01001011100111110110001101010000
01001011100111110110101000110000
01001011101010001101100111110000
01001011101010001111100110110000
01001011101100011111001101010000
01001011101100110101000111110000
01001011101100111110001101010000
01001011101101010001100111110000
01001011101101010001111100110000
01001011111000110011101101010000
01001011111000110110011101010000
01001011111000111011001101010000
01001011111001100011101101010000
01001011111001101010001110110000
01001011111001101100011101010000
01001011111001110101000110110000
01001011111001110110001101010000
01001011111001110110101000110000
01001011111010100011011001110000
01001011111010100011100110110000
01001011111011000111001101010000
01001011111011001101010001110000
01001011111011001110001101010000
01001011111011010100011001110000
01001011111011010100011100110000
01001100011100101011011111010000
01001100011100101011111011010000
01001100011100101101111101010000
01001100011100101111101101010000
01001100011101011011111001010000
01001100011101101011111001010000
01001100011101111100101011010000
01001100011101111100101101010000
01001100011111001010110111010000
01001100011111001010111011010000
01001100011111001011011101010000
01001100011111001011101101010000
01001100011111010110111001010000
01001100011111011010111001010000
01001100011111011100101011010000
01001100011111011100101101010000
01001100101000111010110111110000
01001100101000111011010111110000
01001100101000111110101101110000
01001100101000111110110101110000
01001100101011010001110111110000
01001100101011010001111101110000
01001100101011011100011111010000
01001100101011011101000111110000
01001100101011011111000111010000
01001100101011011111010001110000
01001100101011100011111011010000
01001100101011101101000111110000
01001100101011111000111011010000
01001100101011111011010001110000
01001100101101010001110111110000
01001100101101010001111101110000
01001100101101110001111101010000
01001100101101110101000111110000
01001100101101111100011101010000
01001100101101111101010001110000
01001100101110001111101101010000
01001100101110110101000111110000
01001100101111100011101101010000
01001100101111101101010001110000
01001101000111001010111110110000
01001101000111011001010111110000
01001101000111011111001010110000
01001101000111110010101110110000
01001101000111110110010101110000
01001101000111110111001010110000
01001101010001110010111110110000
01001101010001110110010111110000
01001101010001110111110010110000
01001101010001111100101110110000
01001101010001111101100101110000
01001101010001111101110010110000
01001101011000111011111001010000
01001101011000111110111001010000
01001101011001010001110111110000
01001101011001010001111101110000
01001101011100011111011001010000
01001101011100101000111110110000
01001101011101100011111001010000
01001101011101100101000111110000
01001101011111000111011001010000
01001101011111001010001110110000
01001101011111011000111001010000
01001101011111011001010001110000
01001101100011100101011111010000
01001101100011100101111101010000
01001101100011101011111001010000
01001101100011111001010111010000
01001101100011111001011101010000
01001101100011111010111001010000
01001101100101000111010111110000
01001101100101000111110101110000
01001101100101011100011111010000
01001101100101011101000111110000
01001101100101011111000111010000
01001101100101011111010001110000
01001101100101110001111101010000
01001101100101110101000111110000
01001101100101111100011101010000
01001101100101111101010001110000
01001101110001111101011001010000
01001101110010100011111010110000
01001101110010101100011111010000
01001101110010110001111101010000
01001101110100011111001010110000
01001101110101000111110010110000
01001101110101100011111001010000
01001101110101100101000111110000
01001101111100011101011001010000
01001101111100101000111010110000
01001101111100101011000111010000
01001101111100101100011101010000
01001101111101000111001010110000
01001101111101010001110010110000
01001101111101011000111001010000
01001101111101011001010001110000
01001110001100101011011111010000
01001110001100101011111011010000
01001110001100101101111101010000
01001110001100101111101101010000
01001110001101011111011001010000
01001110001101100101011111010000
01001110001101100101111101010000
01001110001101111101011001010000
01001110010100011010111110110000
01001110010100011011111010110000
01001110010101100011011111010000
01001110010101101111101000110000
01001110010101111101000110110000
01001110010101111101100011010000
01001110010101111101101000110000
01001110010110001101111101010000
01001110010110111110101000110000
01001110010111110101000110110000
01001110010111110110001101010000
01001110010111110110101000110000
01001110100011001010110111110000
01001110100011011001010111110000
01001110100011011111001010110000
01001110101000110010110111110000
01001110101000110110010111110000
01001110101000110111110010110000
01001110101100011011111001010000
01001110101100101000110111110000
01001110101101111100011001010000
01001110101101111100101000110000
01001110101111100011011001010000
01001110101111100101000110110000
01001110110001101011111001010000
01001110110010100011010111110000
01001110110010101111100011010000
01001110110010111110001101010000
01001110110100011001010111110000
01001110110101000110010111110000
01001110110101111100011001010000
01001110110101111100101000110000
01001110111110001100101011010000
01001110111110001100101101010000
01001110111110001101011001010000
01001110111110010100011010110000
01001110111110010101100011010000
01001110111110010101101000110000
01001110111110010110001101010000
01001110111110010110101000110000
01001111100011001010110111010000
01001111100011001010111011010000
01001111100011001011011101010000
01001111100011001011101101010000
01001111100011010111011001010000
01001111100011011001010111010000
01001111100011011001011101010000
01001111100011011101011001010000
01001111100101000110101110110000
01001111100101000110111010110000
01001111100101011000110111010000
01001111100101011011101000110000
01001111100101011101000110110000
01001111100101011101100011010000
01001111100101011101101000110000
01001111100101100011011101010000
01001111100101101110101000110000
01001111100101110101000110110000
01001111100101110110001101010000
01001111100101110110101000110000
01001111101000110010101101110000
01001111101000110110010101110000
01001111101000110111001010110000
01001111101010001100101101110000
01001111101010001101100101110000
01001111101010001101110010110000
01001111101011000110111001010000
01001111101011001010001101110000
01001111101011011100011001010000
01001111101011011100101000110000
01001111101011100011011001010000
01001111101011100101000110110000
01001111101100011010111001010000
01001111101100101000110101110000
01001111101100101011100011010000
01001111101100101110001101010000
01001111101101000110010101110000
01001111101101010001100101110000
01001111101101011100011001010000
01001111101101011100101000110000
01001111101110001100101011010000
01001111101110001100101101010000
01001111101110001101011001010000
01001111101110010100011010110000
01001111101110010101100011010000
01001111101110010101101000110000
01001111101110010110001101010000
01001111101110010110101000110000
01010001100100111010110111110000
01010001100100111011010111110000
01010001100100111110101101110000
01010001100100111110110101110000
01010001101011001001110111110000
01010001101011001001111101110000
01010001101011100100111110110000
01010001101011101100100111110000
01010001101011111001001110110000
01010001101011111011001001110000
01010001101100100111010111110000
01010001101100100111110101110000
01010001101110010011111010110000
01010001101110101100100111110000
01010001101111100100111010110000
01010001101111101011001001110000
01010001110010011010111110110000
01010001110010011011111010110000
01010001110101100100110111110000
01010001110101101111100100110000
01010001110101111100100110110000
01010001110110010011010111110000
01010001110110101111100100110000
01010001110111110010011010110000
01010001111100100110101110110000
01010001111100100110111010110000
01010001111101011001001101110000
01010001111101011011100100110000
01010001111101011100100110110000
01010001111101100100110101110000
01010001111101101011100100110000
01010001111101110010011010110000
01010010001100111010110111110000
01010010001100111011010111110000
01010010001100111110101101110000
01010010001100111110110101110000
01010010001101011001110111110000
01010010001101011001111101110000
01010010001101011100111110110000
01010010001101011101100111110000
01010010001101011111001110110000
01010010001101011111011001110000
01010010001101100111010111110000
01010010001101100111110101110000
01010010001101110011111010110000
01010010001101110101100111110000
01010010001101111100111010110000
01010010001101111101011001110000
01010010001110011010111110110000
01010010001110011011111010110000
01010010001110101100110111110000
01010010001110101101111100110000
01010010001110101111100110110000
01010010001110110011010111110000
01010010001110110101111100110000
01010010001110111110011010110000
01010010001111100110101110110000
01010010001111100110111010110000
01010010001111101011001101110000
01010010001111101011011100110000
01010010001111101011100110110000
01010010001111101100110101110000
01010010001111101101011100110000
01010010001111101110011010110000
01010011000111010110111110010000
01010011000111011010111110010000
01010011000111110101101110010000
01010011000111110110101110010000
01010011001000111010110111110000
01010011001000111011010111110000
01010011001000111110101101110000
01010011001000111110110101110000
01010011010110001110111110010000
01010011010110001111101110010000
01010011010110010001110111110000
01010011010110010001111101110000
01010011010111000111110110010000
01010011010111001000111110110000
01010011010111011000111110010000
01010011010111011001000111110000
01010011010111110001110110010000
01010011010111110010001110110000
01010011010111110110001110010000
01010011010111110110010001110000
01010011011000111010111110010000
01010011011000111110101110010000
01010011011001000111010111110000
01010011011001000111110101110000
01010011011100011111010110010000
01010011011100100011111010110000
01010011011101011000111110010000
01010011011101011001000111110000
01010011011111000111010110010000
01010011011111001000111010110000
01010011011111010110001110010000
01010011011111010110010001110000
01010011100011010111110110010000
01010011100011011111010110010000
01010011100100011010111110110000
01010011100100011011111010110000
01010011101011000110111110010000
01010011101011001000110111110000
01010011101011011111000110010000
01010011101011011111001000110000
01010011101011111000110110010000
01010011101011111001000110110000
01010011101100011010111110010000
01010011101100100011010111110000
01010011101101011111000110010000
01010011101101011111001000110000
01010011101111100011010110010000
01010011101111100100011010110000
01010011111000110101110110010000
01010011111000110111010110010000
01010011111001000110101110110000
01010011111001000110111010110000
01010011111010110001101110010000
01010011111010110010001101110000
01010011111010110111000110010000
01010011111010110111001000110000
01010011111010111000110110010000
01010011111010111001000110110000
01010011111011000110101110010000
01010011111011001000110101110000
01010011111011010111000110010000
01010011111011010111001000110000
01010011111011100011010110010000
01010011111011100100011010110000
01010110001101001110111110010000
01010110001101001111101110010000
01010110001101110010011111010000
01010110001101110011111010010000
01010110001101110100111110010000
01010110001101111100100111010000
01010110001101111100111010010000
01010110001101111101001110010000
01010110001110010011011111010000
01010110001110011011111010010000
01010110001110100110111110010000
01010110001110111110010011010000
01010110001110111110011010010000
01010110001111100100110111010000
01010110001111100110111010010000
01010110001111101001101110010000
01010110001111101110010011010000
01010110001111101110011010010000
01010110010001101001110111110000
01010110010001101001111101110000
01010110010001101110100111110000
01010110010001101111101001110000
01010110010001110100110111110000
01010110010001111101001101110000
01010110010011010001110111110000
01010110010011010001111101110000
01010110010011011100011111010000
01010110010011011101000111110000
01010110010011011111000111010000
01010110010011011111010001110000
01010110010011100011011111010000
01010110010011101000110111110000
01010110010011101111100011010000
01010110010011111000110111010000
01010110010011111010001101110000
01010110010011111011100011010000
01010110011010010001110111110000
01010110011010010001111101110000
01010110011011100011111010010000
01010110011011101001000111110000
01010110011011111000111010010000
01010110011011111010010001110000
01010110011100011011111010010000
01010110011101001000110111110000
01010110011101111100011010010000
01010110011111000110111010010000
01010110011111010010001101110000
01010110011111011100011010010000
01010110100011001001110111110000
01010110100011001001111101110000
01010110100011101111100100110000
01010110100011111011100100110000
01010110100100011001110111110000
01010110100100011001111101110000
01010110100100011101111100110000
01010110100100011111011100110000
01010110100110001110111110010000
01010110100110001111101110010000
01010110100110010001110111110000
01010110100110010001111101110000
01010110100111011111000110010000
01010110100111011111001000110000
01010110100111110111000110010000
01010110100111110111001000110000
01010110111000110010011111010000
01010110111000110011111010010000
01010110111000111110100110010000
01010110111001000111110100110000
01010110111001001100011111010000
01010110111001001111101000110000
01010110111001100011111010010000
01010110111001111101001000110000
01010110111010001100100111110000
01010110111010001111100100110000
01010110111010010001100111110000
01010110111010010001111100110000
01010110111010011000111110010000
01010110111010011001000111110000
01010110111010011111000110010000
01010110111010011111001000110000
01010110111110001100100111010000
01010110111110001100111010010000
01010110111110001110100110010000
01010110111110010001110100110000
01010110111110010011000111010000
01010110111110010011101000110000
01010110111110011000111010010000
01010110111110011101001000110000
01010110111110100011001001110000
01010110111110100011100100110000
01010110111110100100011001110000
01010110111110100100011100110000
01010110111110100110001110010000
01010110111110100110010001110000
01010110111110100111000110010000
01010110111110100111001000110000
01010111000110010011111011010000
01010111000110011111011010010000
01010111000110100111110110010000
01010111000110110010011111010000
01010111000110110011111010010000
01010111000111110100110110010000
01010111000111110110010011010000
01010111000111110110011010010000
01010111000111110110100110010000
01010111001000110100111110110000
01010111001000111110100110110000
01010111001000111110110100110000
01010111001001100011111011010000
01010111001001101000111110110000
01010111001001101100011111010000
01010111001001111101000110110000
01010111001001111101100011010000
01010111001001111101101000110000
01010111001100011111011010010000
01010111001101001000111110110000
01010111001101100011111010010000
01010111001111101001000110110000
01010111001111101100011010010000
01010111001111101101001000110000
01010111010001101100100111110000
01010111010001111100100110110000
01010111010010001101100111110000
01010111010010001111100110110000
01010111010011011000111110010000
01010111010011011001000111110000
01010111010011111000110110010000
01010111010011111001000110110000
01010111011000110100111110010000
01010111011000111110010011010000
01010111011000111110011010010000
01010111011001000110100111110000
01010111011001001101000111110000
01010111011001001111100011010000
01010111011001101001000111110000
01010111011001111100011010010000
01010111011010001100100111110000
01010111011010001111100100110000
01010111011010010001100111110000
01010111011010010001111100110000
01010111011010011000111110010000
01010111011010011001000111110000
01010111011010011111000110010000
01010111011010011111001000110000
01010111110001100100111011010000
01010111110001100111011010010000
01010111110001101001110110010000
01010111110001101100100111010000
01010111110001101100111010010000
01010111110001110100110110010000
01010111110001110110010011010000
01010111110001110110011010010000
01010111110001110110100110010000
01010111110010001101001110110000
01010111110010001110100110110000
01010111110010001110110100110000
01010111110010011000111011010000
01010111110010011010001110110000
01010111110010011011000111010000
01010111110010011101000110110000
01010111110010011101100011010000
01010111110010011101101000110000
01010111110011000111011010010000
01010111110011010010001110110000
01010111110011011000111010010000
01010111110011101001000110110000
01010111110011101100011010010000
01010111110011101101001000110000
01010111110100011011001001110000
01010111110100011100100110110000
01010111110100100011011001110000
01010111110100100011100110110000
01010111110100110110001110010000
01010111110100110110010001110000
01010111110100111000110110010000
01010111110100111001000110110000
01010111110110001101001110010000
01010111110110001110010011010000
01010111110110001110011010010000
01010111110110010001101001110000
01010111110110010011010001110000
01010111110110010011100011010000
01010111110110011010010001110000
01010111110110011100011010010000
01010111110110100011001001110000
01010111110110100011100100110000
01010111110110100100011001110000
01010111110110100100011100110000
01010111110110100110001110010000
01010111110110100110010001110000
01010111110110100111000110010000
01010111110110100111001000110000
01011000110101001110111110010000
01011000110101001111101110010000
01011000110111001001111101010000
01011000110111001111101010010000
01011000110111010100111110010000
01011000110111110010011101010000
01011000110111110011101010010000
01011000110111110101001110010000
01011000111001001101111101010000
01011000111001101111101010010000
01011000111010100110111110010000
01011000111011111001001101010000
01011000111011111001101010010000
01011000111110010011011101010000
01011000111110011011101010010000
01011000111110101001101110010000
01011000111110111001001101010000
01011000111110111001101010010000
01011001000110101001110111110000
01011001000110101001111101110000
01011001000110111010100111110000
01011001000110111110101001110000
01011001000111010100110111110000
01011001000111110101001101110000
01011001001101010001110111110000
01011001001101010001111101110000
01011001001101110001111101010000
01011001001101110101000111110000
01011001001101111100011101010000
01011001001101111101010001110000
01011001001110001101111101010000
01011001001110101000110111110000
01011001001110111110001101010000
01011001001111100011011101010000
01011001001111101010001101110000
01011001001111101110001101010000
01011001101010010001110111110000
01011001101010010001111101110000
01011001101110001111101010010000
01011001101110101001000111110000
01011001101111100011101010010000
01011001101111101010010001110000
01011001110001101111101010010000
01011001110101001000110111110000
01011001110111110001101010010000
01011001111100011011101010010000
01011001111101010010001101110000
01011001111101110001101010010000
01011010100011001001110111110000
01011010100011001001111101110000
01011010100011101111100100110000
01011010100011111011100100110000
01011010100100011001110111110000
01011010100100011001111101110000
01011010100100011101111100110000
01011010100100011111011100110000
01011010100110001110111110010000
01011010100110001111101110010000
01011010100110010001110111110000
01011010100110010001111101110000
01011010100111011111000110010000
01011010100111011111001000110000
01011010100111110111000110010000
01011010100111110111001000110000
01011011100011001001111101010000
01011011100011001111101010010000
01011011100011111010100110010000
01011011100100011111010100110000
01011011100100110001111101010000
01011011100100111110101000110000
01011011100110001111101010010000
01011011100111110101001000110000
01011011101010001100100111110000
01011011101010001111100100110000
01011011101010010001100111110000
01011011101010010001111100110000
01011011101010011000111110010000
01011011101010011001000111110000
01011011101010011111000110010000
01011011101010011111001000110000
01011011111000110010011101010000
01011011111000110011101010010000
01011011111000111010100110010000
01011011111001000111010100110000
01011011111001001100011101010000
01011011111001001110101000110000
01011011111001100011101010010000
01011011111001110101001000110000
01011011111010100011001001110000
01011011111010100011100100110000
01011011111010100100011001110000
01011011111010100100011100110000
01011011111010100110001110010000
01011011111010100110010001110000
01011011111010100111000110010000
01011011111010100111001000110000
01011100011001001111101101010000
01011100011001111101101010010000
01011100011010100111110110010000
01011100011011001001111101010000
01011100011011001111101010010000
01011100011111010100110110010000
01011100011111011001001101010000
01011100011111011001101010010000
01011100011111011010100110010000
01011100100011010100111110110000
01011100100011111010100110110000
01011100100011111011010100110000
01011100100110001111101101010000
01011100100110101000111110110000
01011100100110110001111101010000
01011100100111110101000110110000
01011100100111110110001101010000
01011100100111110110101000110000
01011100110001111101101010010000
01011100110101001000111110110000
01011100110110001111101010010000
01011100111110101001000110110000
01011100111110110001101010010000
01011100111110110101001000110000
01011101010001101100100111110000
01011101010001111100100110110000
01011101010010001101100111110000
01011101010010001111100110110000
01011101010011011000111110010000
01011101010011011001000111110000
01011101010011111000110110010000
01011101010011111001000110110000
01011101100011010100111110010000
01011101100011111001001101010000
01011101100011111001101010010000
01011101100100011010100111110000
01011101100100110101000111110000
01011101100100111110001101010000
01011101100110101001000111110000
01011101100111110001101010010000
01011101101010001100100111110000
01011101101010001111100100110000
01011101101010010001100111110000
01011101101010010001111100110000
01011101101010011000111110010000
01011101101010011001000111110000
01011101101010011111000110010000
01011101101010011111001000110000
01011111000110010011101101010000
01011111000110011101101010010000
01011111000110101001110110010000
01011111000110110010011101010000
01011111000110110011101010010000
01011111000111010100110110010000
01011111000111011001001101010000
01011111000111011001101010010000
01011111000111011010100110010000
01011111001000110101001110110000
01011111001000111010100110110000
01011111001000111011010100110000
01011111001001100011101101010000
01011111001001101010001110110000
01011111001001101100011101010000
01011111001001110101000110110000
01011111001001110110001101010000
01011111001001110110101000110000
01011111001100011101101010010000
01011111001101010010001110110000
01011111001101100011101010010000
01011111001110101001000110110000
01011111001110110001101010010000
01011111001110110101001000110000
01011111010100011011001001110000
01011111010100011100100110110000
01011111010100100011011001110000
01011111010100100011100110110000
01011111010100110110001110010000
01011111010100110110010001110000
01011111010100111000110110010000
01011111010100111001000110110000
01011111011000110101001110010000
01011111011000111001001101010000
01011111011000111001101010010000
01011111011001000110101001110000
01011111011001001101010001110000
01011111011001001110001101010000
01011111011001101010010001110000
01011111011001110001101010010000
01011111011010100011001001110000
01011111011010100011100100110000
01011111011010100100011001110000
01011111011010100100011100110000
01011111011010100110001110010000
01011111011010100110010001110000
01011111011010100111000110010000
01011111011010100111001000110000
01100010010101101110011111010000
01100010010101101111100111010000
01100010010101110011111011010000
01100010010101111100111011010000
01100010010110111001111101010000
01100010010110111110011101010000
01100010010111001111101101010000
01100010010111110011101101010000
01100010011100101011011111010000
01100010011100101011111011010000
01100010011100101101111101010000
01100010011100101111101101010000
01100010011101011011111001010000
01100010011101101011111001010000
01100010011101111100101011010000
01100010011101111100101101010000
01100010011111001010110111010000
01100010011111001010111011010000
01100010011111001011011101010000
01100010011111001011101101010000
01100010011111010110111001010000
01100010011111011010111001010000
01100010011111011100101011010000
01100010011111011100101101010000
01100010100111010110111110010000
01100010100111011010111110010000
01100010100111110101101110010000
01100010100111110110101110010000
01100010101101001110111110010000
01100010101101001111101110010000
01100010101101110010011111010000
01100010101101110011111010010000
01100010101101110100111110010000
01100010101101111100100111010000
01100010101101111100111010010000
01100010101101111101001110010000
01100010101110010011111011010000
01100010101110011111011010010000
01100010101110110100111110010000
01100010101111100100111011010000
01100010101111100111011010010000
01100010101111101101001110010000
01100010110101001110111110010000
01100010110101001111101110010000
01100010110111001001111101010000
01100010110111001111101010010000
01100010110111010100111110010000
01100010110111110010011101010000
01100010110111110011101010010000
01100010110111110101001110010000
01100010111001001111101101010000
01100010111001111101101010010000
01100010111011010100111110010000
01100010111110010011101101010000
01100010111110011101101010010000
01100010111110110101001110010000
01100100010100111010110111110000
01100100010100111011010111110000
01100100010100111110101101110000
01100100010100111110110101110000
01100100010101101001110111110000
01100100010101101001111101110000
01100100010101101110100111110000
01100100010101101111101001110000
01100100010101110110100111110000
01100100010101111101101001110000
01100100010110101001110111110000
01100100010110101001111101110000
01100100010110111010100111110000
01100100010110111110101001110000
01100100010111011010100111110000
01100100010111110110101001110000
01100100111000101011011111010000
01100100111000101011111011010000
01100100111000101101111101010000
01100100111000101111101101010000
01100100111010001010110111110000
01100100111010100010110111110000
01100100111010110111110001010000
01100100111011010001010111110000
01100100111011010100010111110000
01100100111011010111110001010000
01100100111011111000101011010000
01100100111011111000101101010000
01100100111110001010110111010000
01100100111110001010111011010000
01100100111110001011011101010000
01100100111110001011101101010000
01100100111110100010101101110000
01100100111110101000101101110000
01100100111110101101110001010000
01100100111110110100010101110000
01100100111110110101000101110000
01100100111110110101110001010000
01100100111110111000101011010000
01100100111110111000101101010000
01100101000100111010110111110000
01100101000100111011010111110000
01100101000100111110101101110000
01100101000100111110110101110000
01100101001110101101111100010000
01100101001110110101111100010000
01100101001111101011011100010000
01100101001111101101011100010000
01100101011010001001110111110000
01100101011010001001111101110000
01100101011010011101111100010000
01100101011010011111011100010000
01100101011011100010011111010000
01100101011011101000100111110000
01100101011011101001111100010000
01100101011011111000100111010000
01100101011011111010001001110000
01100101011011111010011100010000
01100101011100010011111011010000
01100101011101101000100111110000
01100101011101101001111100010000
01100101011111000100111011010000
01100101011111011010001001110000
01100101011111011010011100010000
01100101101010001001110111110000
01100101101010001001111101110000
01100101101010011101111100010000
01100101101010011111011100010000
01100101101110001001111101010000
01100101101110101000100111110000
01100101101110101001111100010000
01100101101111100010011101010000
01100101101111101010001001110000
01100101101111101010011100010000
01100101110001001111101101010000
01100101110110101000100111110000
01100101110110101001111100010000
01100101111100010011101101010000
01100101111101101010001001110000
01100101111101101010011100010000
01100111000100101011011111010000
01100111000100101011111011010000
01100111000100101101111101010000
01100111000100101111101101010000
01100111000101011011111010010000
01100111000101011111011010010000
01100111000101101111101010010000
01100111000101111101101010010000
01100111010001001010110111110000
01100111010010001010110111110000
01100111010010101101111100010000
01100111010100010010110111110000
01100111010100100010110111110000
01100111010100101101111100010000
01100111010110111110001001010000
01100111010110111110001010010000
01100111011010001001010111110000
01100111011010010001010111110000
01100111011010010101111100010000
01100111011010100010010111110000
01100111011010100100010111110000
01100111011010100101111100010000
01100111011010111110001001010000
01100111011010111110001010010000
01100111011111000100101011010000
01100111011111000100101101010000
01100111011111000101011010010000
01100111011111000101101010010000
01100111110001001010110111010000
01100111110001001010111011010000
01100111110001001011011101010000
01100111110001001011101101010000
01100111110001010110111010010000
01100111110001010111011010010000
01100111110001011011101010010000
01100111110001011101101010010000
01100111110100010010101101110000
01100111110100100010101101110000
01100111110100101011011100010000
01100111110101000100101101110000
01100111110101001000101101110000
01100111110101001011011100010000
01100111110101101110001001010000
01100111110101101110001010010000
01100111110110100010010101110000
01100111110110100100010101110000
01100111110110100101011100010000
01100111110110101000100101110000
01100111110110101001000101110000
01100111110110101001011100010000
01100111110110101110001001010000
01100111110110101110001010010000
01100111110111000100101011010000
01100111110111000100101101010000
01100111110111000101011010010000
01100111110111000101101010010000
01101000100101011001110111110000
01101000100101011001111101110000
01101000100101011100111110110000
01101000100101011101100111110000
01101000100101011111001110110000
01101000100101011111011001110000
01101000100111001010111110110000
01101000100111011001010111110000
01101000100111011111001010110000
01101000100111110010101110110000
01101000100111110110010101110000
01101000100111110111001010110000
01101000101011001001110111110000
01101000101011001001111101110000
01101000101011100100111110110000
01101000101011101100100111110000
01101000101011111001001110110000
01101000101011111011001001110000
01101001000101011001110111110000
01101001000101011001111101110000
01101001000101011100111110110000
01101001000101011101100111110000
01101001000101011111001110110000
01101001000101011111011001110000
01101001010110011101111100010000
01101001010110011111011100010000
01101001010111001111101100010000
01101001010111011001111100010000
01101001010111110011101100010000
01101001010111110110011100010000
01101001110001010111110110010000
01101001110010001010111110110000
01101001110010101111101100010000
01101001110110001010111110010000
01101001110110010001010111110000
01101001110110010101111100010000
01101001110111110001010110010000
01101001110111110010001010110000
01101001110111110010101100010000
01101001111100010101110110010000
01101001111100100010101110110000
01101001111100101011101100010000
01101001111101100010101110010000
01101001111101100100010101110000
01101001111101100101011100010000
01101001111101110001010110010000
01101001111101110010001010110000
01101001111101110010101100010000
01101010001001011001110111110000
01101010001001011001111101110000
01101010001001011100111110110000
01101010001001011101100111110000
01101010001001011111001110110000
01101010001001011111011001110000
01101010001001110010111110110000
01101010001001110110010111110000
01101010001001110111110010110000
01101010001001111100101110110000
01101010001001111101100101110000
01101010001001111101110010110000
01101010001011001001110111110000
01101010001011001001111101110000
01101010001011100100111110110000
01101010001011101100100111110000
01101010001011111001001110110000
01101010001011111011001001110000
01101010010001011001110111110000
01101010010001011001111101110000
01101010010001011100111110110000
01101010010001011101100111110000
01101010010001011111001110110000
01101010010001011111011001110000
01101010010110011101111100010000
01101010010110011111011100010000
01101010010111001111101100010000
01101010010111011001111100010000
01101010010111110011101100010000
01101010010111110110011100010000
01101010011100010111110110010000
01101010011100100010111110110000
01101010011100101111101100010000
01101010011101100010111110010000
01101010011101100100010111110000
01101010011101100101111100010000
01101010011101111100010110010000
01101010011101111100100010110000
01101010011101111100101100010000
01101010011111000101110110010000
01101010011111001000101110110000
01101010011111001011101100010000
01101010011111011000101110010000
01101010011111011001000101110000
01101010011111011001011100010000
01101010011111011100010110010000
01101010011111011100100010110000
01101010011111011100101100010000
01101011000100111011111001010000
01101011000100111110111001010000
01101011000101001110111110010000
01101011000101001111101110010000
01101011001000101001110111110000
01101011001000101001111101110000
01101011001001110111110001010000
01101011001001111101110001010000
01101011001010001001110111110000
01101011001010001001111101110000
01101011001010011101111100010000
01101011001010011111011100010000
01101011001110111110001001010000
01101011001110111110001010010000
01101011001111101110001001010000
01101011001111101110001010010000
01101011100010011111011001010000
01101011100010100111110110010000
01101011100100010100111110110000
01101011100100111110110001010000
01101011100101000100111110110000
01101011100101001111101100010000
01101011100111110110001001010000
01101011100111110110001010010000
01101011101100010011111001010000
01101011101100010100111110010000
01101011101100100010100111110000
01101011101100100111110001010000
01101011101100101000100111110000
01101011101100101001111100010000
01101011101100111110001001010000
01101011101100111110001010010000
01101011111000100111011001010000
01101011111000101001110110010000
01101011111001000101001110110000
01101011111001001110110001010000
01101011111001010001001110110000
01101011111001010011101100010000
01101011111001110110001001010000
01101011111001110110001010010000
01101011111011000100111001010000
01101011111011000101001110010000
01101011111011001000101001110000
01101011111011001001110001010000
01101011111011001010001001110000
01101011111011001010011100010000
01101011111011001110001001010000
01101011111011001110001010010000
01101100010010101110011111010000
01101100010010101111100111010000
01101100010010111001111101010000
01101100010010111110011101010000
01101100010011100101011111010000
01101100010011100101111101010000
01101100010011101011111001010000
01101100010011111001010111010000
01101100010011111001011101010000
01101100010011111010111001010000
01101100010100111010111110010000
01101100010100111110101110010000
01101100010101110010011111010000
01101100010101110011111010010000
01101100010101110100111110010000
01101100010101111100100111010000
01101100010101111100111010010000
01101100010101111101001110010000
01101100010111001001111101010000
01101100010111001111101010010000
01101100010111010100111110010000
01101100010111110010011101010000
01101100010111110011101010010000
01101100010111110101001110010000
01101100100010100111010111110000
01101100100010100111110101110000
01101100100010101110100111110000
01101100100010101111101001110000
01101100100010111010100111110000
01101100100010111110101001110000
01101100100111000101011111010000
01101100100111000101111101010000
01101100100111010001010111110000
01101100100111010100010111110000
01101100100111010111110001010000
01101100100111110001010111010000
01101100100111110001011101010000
01101100100111110100010101110000
01101100100111110101000101110000
01101100100111110101110001010000
01101100101000100111010111110000
01101100101000100111110101110000
01101100101001110101111100010000
01101100101001111101011100010000
01101100101011100010011111010000
01101100101011101000100111110000
01101100101011101001111100010000
01101100101011111000100111010000
01101100101011111010001001110000
01101100101011111010011100010000
01101100101110001001111101010000
01101100101110101000100111110000
01101100101110101001111100010000
01101100101111100010011101010000
01101100101111101010001001110000
01101100101111101010011100010000
01101100111000100101011111010000
01101100111000100101111101010000
01101100111000101011111010010000
01101100111000101111101010010000
01101100111010001001010111110000
01101100111010010001010111110000
01101100111010010101111100010000
01101100111010100010010111110000
01101100111010100100010111110000
01101100111010100101111100010000
01101100111010111110001001010000
01101100111010111110001010010000
01101100111110001001010111010000
01101100111110001001011101010000
01101100111110001010111010010000
01101100111110001011101010010000
01101100111110100010010101110000
01101100111110100100010101110000
01101100111110100101011100010000
01101100111110101000100101110000
01101100111110101001000101110000
01101100111110101001011100010000
01101100111110101110001001010000
01101100111110101110001010010000
01101110001001010110011111010000
01101110001001011001111101010000
01101110001001111101011001010000
01101110001010011111010110010000
01101110001010110010011111010000
01101110001010110011111010010000
01101110001011001001111101010000
01101110001011001111101010010000
01101110010001010011111010110000
01101110010011111010001010110000
01101110010011111010100010110000
01101110010011111010110001010000
01101110010100010011111010110000
01101110010100111110101100010000
01101110010101100010011111010000
01101110010110001001111101010000
01101110011111010001001010110000
01101110011111010010001010110000
01101110011111010010101100010000
01101110011111010100010010110000
01101110011111010100100010110000
01101110011111010100101100010000
01101110011111010110001001010000
01101110011111010110001010010000
01101110100010010101100111110000
01101110100010011111001010110000
01101110100010101100100111110000
01101110100100010101100111110000
01101110100101011001111100010000
01101110100111110001010110010000
01101110100111110010001010110000
01101110100111110010101100010000
01101110101000100101100111110000
01101110101000100111110010110000
01101110101000101100100111110000
01101110101001000101100111110000
01101110101001011001111100010000
01101110101001111100010110010000
01101110101001111100100010110000
01101110101001111100101100010000
01101110101100010011111001010000
01101110101100010100111110010000
01101110101100100010100111110000
01101110101100100111110001010000
01101110101100101000100111110000
01101110101100101001111100010000
01101110101100111110001001010000
01101110101100111110001010010000
01101111100010010101100111010000
01101111100010010110011101010000
01101111100010011101011001010000
01101111100010100111010110010000
01101111100010101100100111010000
01101111100010101100111010010000
01101111100010110010011101010000
01101111100010110011101010010000
01101111100100010100111010110000
01101111100100111010001010110000
01101111100100111010100010110000
01101111100100111010110001010000
01101111100101000100111010110000
01101111100101001110101100010000
01101111100101011000100111010000
01101111100101100010011101010000
01101111100111010001001010110000
01101111100111010010001010110000
01101111100111010010101100010000
01101111100111010100010010110000
01101111100111010100100010110000
01101111100111010100101100010000
01101111100111010110001001010000
01101111100111010110001010010000
01101111101000100101011001110000
01101111101000100111001010110000
01101111101000101011001001110000
01101111101001000101011001110000
01101111101001010110011100010000
01101111101001110001010110010000
01101111101001110010001010110000
01101111101001110010101100010000
01101111101010001001011001110000
01101111101010001001110010110000
01101111101010001011001001110000
01101111101010010001011001110000
01101111101010010110011100010000
01101111101010011100010110010000
01101111101010011100100010110000
01101111101010011100101100010000
01101111101011000100111001010000
01101111101011000101001110010000
01101111101011001000101001110000
01101111101011001001110001010000
01101111101011001010001001110000
01101111101011001010011100010000
01101111101011001110001001010000
01101111101011001110001010010000
01110001001010110011011111010000
01110001001010111110110011010000
01110001001011001101111101010000
01110001001011111011001101010000
01110001001100101011011111010000
01110001001100101011111011010000
01110001001100101101111101010000
01110001001100101111101101010000
01110001001101011111011001010000
01110001001101100101011111010000
01110001001101100101111101010000
01110001001101111101011001010000
01110001010011010111110110010000
01110001010011011111010110010000
01110001010110010011011111010000
01110001010110011011111010010000
01110001010110111110100110010000
01110001010111110100110110010000
01110001010111110110010011010000
01110001010111110110011010010000
01110001010111110110100110010000
01110001011001001101111101010000
01110001011001101111101010010000
01110001011011111010100110010000
01110001011111010100110110010000
01110001011111011001001101010000
01110001011111011001101010010000
01110001011111011010100110010000
01110010001010011010111110110000
01110010001010011011111010110000
01110010001010110111110100110000
01110010001010111110100110110000
01110010001010111110110100110000
01110010001011011111010100110000
01110010001011111010100110110000
01110010001011111011010100110000
01110010011000101011011111010000
01110010011000101011111011010000
01110010011000101101111101010000
01110010011000101111101101010000
01110010011010001010111110110000
01110010011010100010111110110000
01110010011010111110110001010000
01110010011011000101011111010000
01110010011011000101111101010000
01110010011011111010001010110000
01110010011011111010100010110000
01110010011011111010110001010000
01110010100010011010111110110000
01110010100010011011111010110000
01110010100110101111101100010000
01110010100110111110101100010000
01110010101100010011011111010000
01110010101101111101000100110000
01110010101101111101001100010000
01110010101111101000100110110000
01110010101111101001101100010000
01110010101111101100010011010000
01110010101111101101000100110000
01110010101111101101001100010000
01110010110001001101111101010000
01110010110111110101000100110000
01110010110111110101001100010000
01110010111110101000100110110000
01110010111110101001101100010000
01110010111110110001001101010000
01110010111110110101000100110000
01110010111110110101001100010000
01110011000100101011011111010000
01110011000100101011111011010000
01110011000100101101111101010000
01110011000100101111101101010000
01110011000101011011111010010000
01110011000101011111011010010000
01110011000101101111101010010000
01110011000101111101101010010000
01110011010001001010111110110000
01110011010010001010111110110000
01110011010010101111101100010000
01110011010100010010111110110000
01110011010100100010111110110000
01110011010100101111101100010000
01110011010111110110001001010000
01110011010111110110001010010000
01110011011000100101011111010000
01110011011000100101111101010000
01110011011000101011111010010000
01110011011000101111101010010000
01110011011111010001001010110000
01110011011111010010001010110000
01110011011111010010101100010000
01110011011111010100010010110000
01110011011111010100100010110000
01110011011111010100101100010000
01110011011111010110001001010000
01110011011111010110001010010000
01110100010010101100110111110000
01110100010010101101111100110000
01110100010010101111100110110000
01110100010011001010110111110000
01110100010011011001010111110000
01110100010011011111001010110000
01110100010101100100110111110000
01110100010101101111100100110000
01110100010101111100100110110000
01110100100010101100110111110000
01110100100010101101111100110000
01110100100010101111100110110000
01110100101011001101111100010000
01110100101011011111001100010000
01110100101011111001101100010000
01110100110001010110111110010000
01110100110010001010110111110000
01110100110010101101111100010000
01110100110110001010111110010000
01110100110110010001010111110000
01110100110110010101111100010000
01110100110111110001010110010000
01110100110111110010001010110000
01110100110111110010101100010000
01110101000100101100110111110000
01110101000100101101111100110000
01110101000100101111100110110000
01110101000100110010110111110000
01110101000100110110010111110000
01110101000100110111110010110000
01110101000101100100110111110000
01110101000101101111100100110000
01110101000101111100100110110000
01110101001000101100110111110000
01110101001000101101111100110000
01110101001000101111100110110000
01110101001011001101111100010000
01110101001011011111001100010000
01110101001011111001101100010000
01110101001100010110111110010000
01110101001100100010110111110000
01110101001100101101111100010000
01110101001101100010111110010000
01110101001101100100010111110000
01110101001101100101111100010000
01110101001101111100010110010000
01110101001101111100100010110000
01110101001101111100101100010000
01110101100010011011111001010000
01110101100010100110111110010000
01110101100100010100110111110000
01110101100100110111110001010000
01110101100101000100110111110000
01110101100101001101111100010000
01110101100110111110001001010000
01110101100110111110001010010000
01110101101111100010011001010000
01110101101111100010100110010000
01110101101111100100010100110000
01110101101111100100110001010000
01110101101111100101000100110000
01110101101111100101001100010000
01110101101111100110001001010000
01110101101111100110001010010000
01110101111100010011011001010000
01110101111100010100110110010000
01110101111100100010100110110000
01110101111100100110110001010000
01110101111100101000100110110000
01110101111100101001101100010000
01110101111100110110001001010000
01110101111100110110001010010000
01110110001001010111110011010000
01110110001001011111001101010000
01110110001001101011111001010000
01110110001010011010111110010000
01110110001010111110010011010000
01110110001010111110011010010000
01110110001011111001001101010000
01110110001011111001101010010000
01110110010001010011010111110000
01110110010011010001010111110000
01110110010011010100010111110000
01110110010011010111110001010000
01110110010100010011010111110000
01110110010100110101111100010000
01110110010101111100010011010000
01110110010111110001001101010000
01110110011010001001010111110000
01110110011010010001010111110000
01110110011010010101111100010000
01110110011010100010010111110000
01110110011010100100010111110000
01110110011010100101111100010000
01110110011010111110001001010000
01110110011010111110001010010000
01110110100010010101111100110000
01110110100010011001010111110000
01110110100010101111100100110000
01110110100100010101111100110000
01110110100101011111001100010000
01110110100110001010111110010000
01110110100110010001010111110000
01110110100110010101111100010000
01110110101000100101111100110000
01110110101000100110010111110000
01110110101000101111100100110000
01110110101001000101111100110000
01110110101001011111001100010000
01110110101001100010111110010000
01110110101001100100010111110000
01110110101001100101111100010000
01110110101111100010011001010000
01110110101111100010100110010000
01110110101111100100010100110000
01110110101111100100110001010000
01110110101111100101000100110000
01110110101111100101001100010000
01110110101111100110001001010000
01110110101111100110001010010000
01110111110001001010110011010000
01110111110001001011001101010000
01110111110001001100101011010000
01110111110001001100101101010000
01110111110001001101011001010000
01110111110001010011010110010000
01110111110001010110010011010000
01110111110001010110011010010000
01110111110001010110100110010000
01110111110001011001001101010000
01110111110001011001101010010000
01110111110001011010100110010000
01110111110010001010011010110000
01110111110010001010110100110000
01110111110010001011010100110000
01110111110010011000101011010000
01110111110010011000101101010000
01110111110010011010001010110000
01110111110010011010100010110000
01110111110010011010110001010000
01110111110010100010011010110000
01110111110010100110101100010000
01110111110010101100010011010000
01110111110010101101000100110000
01110111110010101101001100010000
01110111110010110001001101010000
01110111110010110101000100110000
01110111110010110101001100010000
01110111110011000100101011010000
01110111110011000100101101010000
01110111110011000101011010010000
01110111110011000101101010010000
01110111110011010001001010110000
01110111110011010010001010110000
01110111110011010010101100010000
01110111110011010100010010110000
01110111110011010100100010110000
01110111110011010100101100010000
01110111110011010110001001010000
01110111110011010110001010010000
01111100010010101100110111010000
01111100010010101110110011010000
01111100010010110011011101010000
01111100010010111011001101010000
01111100010011001010110111010000
01111100010011001010111011010000
01111100010011001011011101010000
01111100010011001011101101010000
01111100010011010111011001010000
01111100010011011001010111010000
01111100010011011001011101010000
01111100010011011101011001010000
01111100010100110101110110010000
01111100010100110111010110010000
01111100010101100100110111010000
01111100010101100110111010010000
01111100010101101110100110010000
01111100010101110100110110010000
01111100010101110110010011010000
01111100010101110110011010010000
01111100010101110110100110010000
01111100010110010011011101010000
01111100010110011011101010010000
01111100010110111010100110010000
01111100010111010100110110010000
01111100010111011001001101010000
01111100010111011001101010010000
01111100010111011010100110010000
01111100100010100110101110110000
01111100100010100110111010110000
01111100100010101101110100110000
01111100100010101110100110110000
01111100100010101110110100110000
01111100100010110111010100110000
01111100100010111010100110110000
01111100100010111011010100110000
01111100100110001010110111010000
01111100100110001010111011010000
01111100100110001011011101010000
01111100100110001011101101010000
01111100100110100010101110110000
01111100100110101000101110110000
01111100100110101110110001010000
01111100100110110001010111010000
01111100100110110001011101010000
01111100100110111010001010110000
01111100100110111010100010110000
01111100100110111010110001010000
01111100101000100110101110110000
01111100101000100110111010110000
01111100101001101011101100010000
01111100101001101110101100010000
01111100101011000100110111010000
01111100101011011101000100110000
01111100101011011101001100010000
01111100101011101000100110110000
01111100101011101001101100010000
01111100101011101100010011010000
01111100101011101101000100110000
01111100101011101101001100010000
01111100101100010011011101010000
01111100101101110101000100110000
01111100101101110101001100010000
01111100101110101000100110110000
01111100101110101001101100010000
01111100101110110001001101010000
01111100101110110101000100110000
01111100101110110101001100010000
01111100110001001010110111010000
01111100110001001010111011010000
01111100110001001011011101010000
01111100110001001011101101010000
01111100110001010110111010010000
01111100110001010111011010010000
01111100110001011011101010010000
01111100110001011101101010010000
01111100110100010010101110110000
01111100110100100010101110110000
01111100110100101011101100010000
01111100110101000100101110110000
01111100110101001000101110110000
01111100110101001011101100010000
01111100110101110110001001010000
01111100110101110110001010010000
01111100110110001001010111010000
01111100110110001001011101010000
01111100110110001010111010010000
01111100110110001011101010010000
01111100110111010001001010110000
01111100110111010010001010110000
01111100110111010010101100010000
01111100110111010100010010110000
01111100110111010100100010110000
01111100110111010100101100010000
01111100110111010110001001010000
01111100110111010110001010010000
01111101000100101011001101110000
01111101000100101011011100110000
01111101000100101011100110110000
01111101000100110010101101110000
01111101000100110110010101110000
01111101000100110111001010110000
01111101000101011001001101110000
01111101000101011011100100110000
01111101000101011100100110110000
01111101001000101011001101110000
01111101001000101011011100110000
01111101001000101011100110110000
01111101001010110011011100010000
01111101001010110111001100010000
01111101001010111001101100010000
01111101001100010101101110010000
01111101001100100010101101110000
01111101001100101011011100010000
01111101001101100010101110010000
01111101001101100100010101110000
01111101001101100101011100010000
01111101001101110001010110010000
01111101001101110010001010110000
01111101001101110010101100010000
01111101010001001011001101110000
01111101010001001011011100110000
01111101010001001011100110110000
01111101010001001100101101110000
01111101010001001101100101110000
01111101010001001101110010110000
01111101010001011001001101110000
01111101010001011011100100110000
01111101010001011100100110110000
01111101010010001011001101110000
01111101010010001011011100110000
01111101010010001011100110110000
01111101010010110011011100010000
01111101010010110111001100010000
01111101010010111001101100010000
01111101010011000101101110010000
01111101010011001000101101110000
01111101010011001011011100010000
01111101010011011000101110010000
01111101010011011001000101110000
01111101010011011001011100010000
01111101010011011100010110010000
01111101010011011100100010110000
01111101010011011100101100010000
01111101011000100110111001010000
01111101011000101001101110010000
01111101011001000101001101110000
01111101011001001101110001010000
01111101011001010001001101110000
01111101011001010011011100010000
01111101011001101110001001010000
01111101011001101110001010010000
01111101011011100010011001010000
01111101011011100010100110010000
01111101011011100100010100110000
01111101011011100100110001010000
01111101011011100101000100110000
01111101011011100101001100010000
01111101011011100110001001010000
01111101011011100110001010010000
01111101011100010011011001010000
01111101011100010100110110010000
01111101011100100010100110110000
01111101011100100110110001010000
01111101011100101000100110110000
01111101011100101001101100010000
01111101011100110110001001010000
01111101011100110110001010010000
01111101100010010101110011010000
01111101100010010111001101010000
01111101100010011010111001010000
01111101100010100110101110010000
01111101100010101110010011010000
01111101100010101110011010010000
01111101100010111001001101010000
01111101100010111001101010010000
01111101100100010100110101110000
01111101100100110100010101110000
01111101100100110101000101110000
01111101100100110101110001010000
01111101100101000100110101110000
01111101100101001101011100010000
01111101100101011100010011010000
01111101100101110001001101010000
01111101100110100010010101110000
01111101100110100100010101110000
01111101100110100101011100010000
01111101100110101000100101110000
01111101100110101001000101110000
01111101100110101001011100010000
01111101100110101110001001010000
01111101100110101110001010010000
01111101101000100101011100110000
01111101101000100110010101110000
01111101101000101011100100110000
01111101101001000101011100110000
01111101101001010111001100010000
01111101101001100010101110010000
01111101101001100100010101110000
01111101101001100101011100010000
01111101101010001001011100110000
01111101101010001001100101110000
01111101101010001011100100110000
01111101101010010001011100110000
01111101101010010111001100010000
01111101101010011000101110010000
01111101101010011001000101110000
01111101101010011001011100010000
01111101101011100010011001010000
01111101101011100010100110010000
01111101101011100100010100110000
01111101101011100100110001010000
01111101101011100101000100110000
01111101101011100101001100010000
01111101101011100110001001010000
01111101101011100110001010010000
01111101110001001010110011010000
01111101110001001011001101010000
01111101110001001100101011010000
01111101110001001100101101010000
01111101110001001101011001010000
01111101110001010011010110010000
01111101110001010110010011010000
01111101110001010110011010010000
01111101110001010110100110010000
01111101110001011001001101010000
01111101110001011001101010010000
01111101110001011010100110010000
01111101110010001010011010110000
01111101110010001010110100110000
01111101110010001011010100110000
01111101110010011000101011010000
01111101110010011000101101010000
01111101110010011010001010110000
01111101110010011010100010110000
01111101110010011010110001010000
01111101110010100010011010110000
01111101110010100110101100010000
01111101110010101100010011010000
01111101110010101101000100110000
01111101110010101101001100010000
01111101110010110001001101010000
01111101110010110101000100110000
01111101110010110101001100010000
01111101110011000100101011010000
01111101110011000100101101010000
01111101110011000101011010010000
01111101110011000101101010010000
01111101110011010001001010110000
01111101110011010010001010110000
01111101110011010010101100010000
01111101110011010100010010110000
01111101110011010100100010110000
01111101110011010100101100010000
01111101110011010110001001010000
01111101110011010110001010010000
